1403636579763555584
1403636580013555456
1403636580263555584
1403636580513555456
1403636580763555584
1403636580813555456
1403636581063555584
1403636581313555456
1403636581563555584
1403636581813555456
1403636582063555584
1403636582313555456
1403636582563555584
1403636582813555456
1403636583063555584
1403636583313555456
1403636583563555584
1403636583813555456
1403636584063555584
1403636584313555456
1403636584563555584
1403636584813555456
1403636585063555584
1403636585313555456
1403636585563555584
1403636585813555456
1403636586063555584
